1627636687 2047220773 460084702
2744823277 560934787 184170906
3485120052 3437939311 342343442
3959782982 3213426504 221968093
1599327759 745105693 28308928
2311378749 773414621 172869650
4292422582 3435394597 2544714
4181751075 3780282753 110671507
2484248399 1371539463 260574878
944796451 1771589193 23241552
2985880462 4036578393 258388903
896379083 2507305475 48417368
2298631675 0 12747074
237282755 12747074 435619394
812377001 1310308951 61230512
1486759440 448366468 112568319
3827463494 2985880462 132319488
3389893498 3118199950 95226554
0 1073026196 237282755
672902149 1632114341 139474852
3244269365 3890954260 145624133
1103441152 2555722843 279347933
2181644796 1794830745 116986879
873607513 1050254626 22771570
968038003 1911817624 135403149
2087721389 2835070776 93923407
1382789085 946284271 103970355