2119656026 2694441768 51718564
582739623 515860164 331142829
3188466529 3433161801 686443431
1208858214 1852905471 223488011
2984018793 2746160332 20792175
114072893 923500840 335770555
1078092281 1568663312 55313164
1528379045 847002993 76497847
3159539374 3404234646 28927155
1604876892 44343574 471516590
3874909960 2119656026 229635679
913882452 1404453483 164209829
449843448 1720009296 132896175
3004810968 2539713362 154728406
1432346225 1623976476 96032820
2171374590 4119605232 175362064
2827425140 3247640993 156593653
1177749019 1259271395 31109195
2346736654 2766952507 480688486
1133405445 0 44343574
0 1290380590 114072893
4104545639 2349291705 190421657