357888202 777841571 45089383
1091769591 2222785614 212172358
747211456 668867483 108974088
635547523 229171508 111663933
1573402842 2067459960 102412403
4289698662 1148443045 5268634
2395735068 1322252554 161006801
0 205577967 4476015
57955189 635249899 15743396
402977585 0 26133741
464695488 412326242 24494890
2966156314 1301354919 3630744
42819069 472405294 15136120
3261136238 2193516168 29269446
2394617262 1304985663 1117806
3573311427 1725292988 265415981
3184385247 1990708969 76750991
36407558 487541414 6411511
178443976 26133741 179444226
4233901482 2444128986 55797180
2556741869 2169872363 23643805
429111326 436821132 35584162
4476015 622435882 12814017
2830010004 4158820986 136146310
1315195976 890236179 258206866
17290032 210053982 19117526
2969787058 3404926809 66954949
106953175 340835441 71490801
3307388168 3846327739 265923259
2580385674 3488864242 249624330
3036742007 1153711679 147643240
3290405684 3471881758 16982484
4187331494 4112250998 46569988
2378468177 1306103469 16149085
1308440551 2936378300 6755425
73698585 822930954 33254590
489190378 493952925 128482957
1675815245 1483259355 242033633
3849072207 2598119013 338259287
1917848878 2944307510 460619299
1303941949 885737577 4498602
3847898422 2943133725 1173785
617673335 650993295 17874188
993576744 2499926166 98192847
3838727408 2434957972 9171014
885737577 3738488572 107839167