1853863567 1354319094 57762399
1963297596 2892133710 74523026
351355449 2825239457 1556531
4263216859 3376413885 31750437
2555584073 3055976839 118124436
2730998967 1343408443 10910651
1638376751 979599391 153825342
978844708 811605824 82508702
1911625966 894114526 6715081
3367668240 3408164322 203176531
2729654714 3174101275 1344253
3200258520 795809557 15796267
1595497633 1782591008 42879118
2683440491 1412081493 46214223
1958950306 101242881 4347290
2831229721 242278649 124658639
1792202093 734148083 61661474
2741909618 2966656736 89320103
1918341047 3175445528 40609259
2955888360 1825470126 7069388
3594735667 3635231749 181844678
2673708509 412658344 9731982
2962957748 1832539514 237300772
530398473 105590171 136688478
1177133692 366937288 45721056
27883870 2489305043 153451249
352911980 2711533741 113705716
3570844771 3611340853 23890896
466617696 900829607 30422191
0 2461421173 27883870
3776580345 3360472089 15941796
4207783288 3817076427 55433571
2429401509 1249205015 60844842
181335119 2642756292 68777449
1061353410 1133424733 115780282
667086951 422390326 311757757
2490246351 2826795988 65337722
1222854748 931251798 48347593
1271202341 1458295716 324295292
3360472089 4287771145 7196151
497039887 1310049857 33358586
2037820622 2069840286 391580887
250112568 0 101242881
3792522141 3872509998 415261147