146677673 622659563 93167301
1157991666 1089969349 162939558
3393833863 2765693883 993201
1089969349 2528480087 47120899
1536155605 1455175707 97002831
77735382 829301434 68942291
519819619 496909514 125750049
1633158436 2638516375 127177508
2914682387 1777568650 8769904
1907493268 2936307342 209538906
1523198024 2370144872 12957581
398047045 375136940 121772574
3155987938 1552178538 225390112
2722437809 1786338554 7281125
2405956502 1793619679 316481307
4079025823 3374787635 121920527
1020706608 898243725 11125486
1320931224 1252908907 202266800
4200946350 4161901201 91091718
2872708010 4252992919 23854892
2896562902 4276847811 18119485
2923452291 2766687084 169620258
1760335944 2261396563 6024603
362307857 715826864 35739188
4292038068 2525550859 2929228
2345973561 2310161931 59982941
3426288597 3496708162 124839972
2768316300 2383102453 51488089
2729718934 2455491960 38597366
1137090248 2434590542 20901418
2819804389 2110100986 52903621
3394827064 2494089326 31461533
1809101312 2163004607 98391956
3551128569 3621548134 527897254
1766360547 2267421166 42740765
2117032174 3145846248 228941387
645569668 0 375136940
0 751566052 77735382
239844974 925431556 122462883
3093072549 2575600986 62915389
1031832094 909369211 16062345
3381378050 4149445388 12455813