3392354816 2147745556 27501466
1878871951 1725889381 75406426
173441126 161378219 150090654
1018905669 635099142 165518615
4087062942 1662057640 30823678
353004829 1119237890 172394750
1845863888 1692881318 33008063
153206340 867143452 20234786
2604702405 4037570714 169107986
1617110925 3533554525 169325605
2559755690 1617110925 44946715
600097153 912061633 124651296
3946007322 3319554557 141055620
2465332301 3460610177 72944348
724748449 340941922 294157220
3044149982 2175247022 348204834
2773810391 2633005641 270339591
525399579 153206340 8171879
2139921020 3702880130 325411281
3419856282 1978376483 109941715
1954278377 2523451856 88074744
2538276649 2611526600 21479041
4117886620 1801295807 177080676
2051632424 4206678700 88288596
2042353121 4028291411 9279303
3529797997 2903345232 416209325
1786436530 2088318198 59427358
533571458 800617757 66525695
1184424284 1036712929 82524961
1266949245 887378238 24683395
323531780 311468873 29473049